
==============================================================
Statistic    N    Mean  St. Dev.  Min  Pctl(25) Pctl(75)  Max 
--------------------------------------------------------------
income_dif 54,400 3.900  1.100   1.000  3.000    5.000   5.000
unemployed 54,698 3.900  0.990   1.000  3.000    5.000   5.000
taxes      53,258 4.000  0.780   1.000  4.000    5.000   5.000
health     54,237 2.500  1.300   1.000  1.000    4.000   5.000
educ       54,220 2.500  1.300   1.000  1.000    4.000   5.000
--------------------------------------------------------------
